10.941
0.8680000000000001
0.43799999999999994
0.2250000000000001
0.05899999999999994
0
0.001000000000000112
0.001000000000000112
0.0020000000000000018
0
0.001000000000000112
0.0020000000000000018
0
0.001000000000000112
0.0040000000000000036
0
0.0020000000000000018
0.0030000000000001137
0
0.0020000000000000018
0.001000000000000112
0.001000000000000112
0.001000000000000112
0.0020000000000000018
0.0030000000000001137
0.001000000000000112
0
0
0.001000000000000112
0.001000000000000112
0.001000000000000112
0.0020000000000000018
0.001000000000000112
0.0020000000000000018
0.001000000000000112
0.0020000000000000018
0.001000000000000112
0.001000000000000112
0.001000000000000112
0.0020000000000000018
0.001000000000000112
0.0020000000000000018
0.001000000000000112
0
0.0030000000000001137
0
0.0020000000000000018
0.0020000000000000018
-0.0010000000000000009
0.0050000000000001155
0.001000000000000112
0.001000000000000112
0.0020000000000000018
0.001000000000000112
0.0030000000000001137
0.0020000000000000018
0
0.0020000000000000018
-0.0050000000000000044
0.007000000000000117
0.001000000000000112
0.001000000000000112
0.001000000000000112
0.001000000000000112
0.0020000000000000018
0.001000000000000112
0.001000000000000112
0.0030000000000001137
0.001000000000000112
0.001000000000000112
0.001000000000000112
0.001000000000000112
0.001000000000000112
0.001000000000000112
0.0020000000000000018
0.0020000000000000018
0
0.0020000000000000018
0
0.0020000000000000018
0.001000000000000112
0.001000000000000112
0.0020000000000000018
0.001000000000000112
0
0.0020000000000000018
0.0020000000000000018
0.0020000000000000018
0.0020000000000000018
0.001000000000000112
0.001000000000000112
0.0020000000000000018
0.001000000000000112
0.001000000000000112
0.001000000000000112
0.001000000000000112
0.001000000000000112
0.0020000000000000018
0.001000000000000112
0.0020000000000000018
0.001000000000000112
0.001000000000000112
0.001000000000000112
0.001000000000000112
0.0020000000000000018
0.001000000000000112
0.0020000000000000018
0.001000000000000112
0.001000000000000112
0.001000000000000112
0.0030000000000001137
0
0.001000000000000112
0.0020000000000000018
0.001000000000000112
0
0.0020000000000000018
0
0.0020000000000000018
0.001000000000000112
0.0020000000000000018
0.001000000000000112
0.009000000000000119
-0.0010000000000000009
0.0050000000000001155
0
0.001000000000000112
-0.0020000000000000018
0.006000000000000005
0.0020000000000000018
0.001000000000000112
0.0020000000000000018
0
0.0020000000000000018
0
0.0020000000000000018
0.001000000000000112
0.001000000000000112
0.0030000000000001137
0
0.0020000000000000018
0.0020000000000000018
0.001000000000000112
0.001000000000000112
0.0020000000000000018
0
0.001000000000000112
0.001000000000000112
0.001000000000000112
-0.0030000000000000027
0.0040000000000000036
0.001000000000000112
0.001000000000000112
0
0.0020000000000000018
0.001000000000000112
0.001000000000000112
0.001000000000000112
0.001000000000000112
0.001000000000000112
0.0020000000000000018
0.0020000000000000018
0.001000000000000112
0.001000000000000112
0.001000000000000112
0.0020000000000000018
0.001000000000000112
0
0.001000000000000112
0.001000000000000112
0.0020000000000000018
-0.0020000000000000018
0.0040000000000000036
0.001000000000000112
0.0020000000000000018
-0.0030000000000000027
0.0050000000000001155
0.001000000000000112
0.001000000000000112
0.0030000000000001137
0
0.001000000000000112
0.0020000000000000018
0
0.0020000000000000018
0.001000000000000112
0.001000000000000112
0.0040000000000000036
0.01100000000000012
0.006000000000000005
0.001000000000000112
0.001000000000000112
0.0040000000000000036
0.006000000000000005
0.001000000000000112
0.008000000000000007
0.0030000000000001137
0
0.009000000000000119
0.010000000000000009
0.0050000000000001155
0.007000000000000117
0.010000000000000009
0.0030000000000001137
0.0030000000000001137
0.01200000000000001
-0.0050000000000000044
0.006000000000000005
0.017000000000000126
-0.01100000000000001
0.017000000000000126
0.02499999999999991
-0.01100000000000001
0.014000000000000012
0.001000000000000112
0.0030000000000001137
0.001000000000000112
0.016000000000000014
-0.007000000000000006
0.02200000000000002
0.0030000000000001137
-0.01100000000000001
0.02200000000000002
0.0020000000000000018
0.001000000000000112
0.013000000000000123
0.0030000000000001137
0
0.028999999999999915
0.0050000000000001155
-0.0030000000000000027
0.026999999999999913
0.006000000000000005
0.010000000000000009
-0.006000000000000005
0.001000000000000112
0.014000000000000012
0.0020000000000000018
-0.013000000000000012
0.017000000000000126
0.007000000000000117
-0.0030000000000000027
0.008000000000000007
0.026999999999999913
0.0050000000000001155
0.0030000000000001137
0.014000000000000012
0.015000000000000124
0.0030000000000001137
0.001000000000000112
-0.0040000000000000036
0.030000000000000027
0.010000000000000009
0.001000000000000112
0.013000000000000123
0.014000000000000012
0.0020000000000000018
0.0030000000000001137
0.0050000000000001155
0
0.0030000000000001137
0.008000000000000007
-0.010000000000000009
0.010000000000000009
0.02200000000000002
0.0030000000000001137
0.016000000000000014
0.017000000000000126
0.008000000000000007
0.0030000000000001137
0.001000000000000112
0.001000000000000112
0.001000000000000112
0.014000000000000012
0.013000000000000123
0.010000000000000009
0.006000000000000005
0.0050000000000001155
-0.010000000000000009
0.0050000000000001155
0.009000000000000119
0.001000000000000112
0.0030000000000001137
0.0040000000000000036
0.013000000000000123
0.0050000000000001155
0.02300000000000013
0.006000000000000005
0.001000000000000112
0.0030000000000001137
-0.01200000000000001
0.0020000000000000018
0.007000000000000117
0.02300000000000013
0.0050000000000001155
0.008000000000000007
0.006000000000000005
0.0040000000000000036
0.0040000000000000036
0.008000000000000007
0.026000000000000023
0.008000000000000007
0.0020000000000000018
0.001000000000000112
0
0
-0.0050000000000000044
