1.532
-1
-0.974
-1
-0.984
-1
-0.969
-1
-0.984
-1
-0.969
-1
-0.984
-0.989
-0.953
-1
-0.969
-0.984
-0.969
-0.982
-0.981
-1
-0.985
-0.984
-0.984
-0.985
-0.984
-0.984
-0.985
-0.984
-1
-0.969
-1
-0.983
-0.984
-0.969
-1
-0.984
-0.968
-0.99
-0.971
-0.981
-0.989
-0.985
-0.993
-0.988
-0.992
-0.989
-0.992
-0.988
-0.988
-0.982
-0.992
-0.989
-0.992
-0.989
-0.992
-0.988
-0.992
-0.982
-0.989
-0.975
-0.992
-0.99
-0.989
-0.991
-0.991
-0.993
-0.963
-0.981
-0.983
-0.991
-0.976
-0.983
-0.99
-0.982
-0.984
-0.993
-0.888
-0.989
-0.98
-0.991
-0.991
-0.992
-0.987
-0.991
-0.987
-0.991
-0.98
-0.988
-0.982
-0.992
-0.973
-0.982
-0.993
-0.987
-0.992
-0.987
-0.99
-0.976
-0.989
-0.986
-0.984
-0.987
-0.993
-0.958
-0.992
-0.988
-0.991
-0.986
-0.992
-0.975
-0.989
-0.984
-0.986
-0.985
-0.988
-0.98
-0.989
-0.985
-0.989
-0.983
-0.991
-0.977
-0.965
-0.992
-0.989
-0.982
-0.994
-0.987
-0.985
-0.993
-0.99
-0.989
-0.985
-0.992
-0.974
-0.988
-0.984
-0.984
-0.997
-0.997
-0.966
-0.999
-0.999
-1
-0.995
-0.991
-0.999
-0.994
-0.999
-0.996
-0.999
-0.999
-0.995
-0.998
-0.989
-0.983
-0.999
-0.988
-1
10.009
4.9990000000000006
4.998
4.003
3.043
4.962
3.003
2.991
3.003
2.039
2.986
3.0010000000000003
2.99
2.983
1.041
2.985
1.9809999999999999
2.036
1.0180000000000002
2.938
1.037
1.992
1.052
2.936
1.0190000000000001
1.0150000000000001
2.952
1.021
1.021
0.9930000000000001
1.9620000000000002
2.008
1.0140000000000002
1.021
1.037
1.9410000000000003
0.9870000000000001
1.0420000000000003
1.955
0.996
0.998
1.009
0.9950000000000001
0.996
0.11099999999999999
0.9730000000000001
0.998
1.004
0.968
1.037
0.9970000000000001
0.976
0.998
1.0030000000000001
1.017
0.978
1.0390000000000001
0.9490000000000001
0.9850000000000001
1.016
0.998
1
1.037
0.988
0.9990000000000001
0.982
0.998
1.0220000000000002
0.972
1.0220000000000002
1.0230000000000001
0.9570000000000001
1.0070000000000001
1.017
0.9950000000000001
0.9790000000000001
0.9930000000000001
1.024
0.9770000000000001
1.033
0.9950000000000001
1.0140000000000002
0.976
0.9970000000000001
0.9850000000000001
1.0070000000000001
1.025
0.9790000000000001
0.964
1.012
1.009
0.9950000000000001
1.0060000000000002
0.994
0.992
1.0180000000000002
1.017
0.9770000000000001
1.005
0.9850000000000001
1.0100000000000002
1.0020000000000002
0.9990000000000001
0.994
0.998
1.009
0.984
1.016
0.9850000000000001
