8.257385969162
10.242532968521
11.665642976761
12.893257141113
13.982932090759
0.0025920867919922
0.0029170513153076
0.0005340576171875
0.0012800693511963
0.0016109943389893
0.0018150806427002
0.00018596649169922
0.0022139549255371
0.00075101852416992
0.0016458034515381
0.0027289390563965
0.0010850429534912
0.0012478828430176
0.00075292587280273
0.0011370182037354
0.00073981285095215
0.0027101039886475
0.00055789947509766
0.00060796737670898
0.0022032260894775
0.0011239051818848
0.00088906288146973
0.001399040222168
0.0011839866638184
0.001093864440918
0.0011909008026123
0.0010380744934082
0.0015499591827393
0.0011701583862305
0.0016109943389893
0.00057101249694824
0.0014529228210449
0.0014750957489014
0.0019500255584717
0.0010747909545898
0.0013630390167236
0.001370906829834
0.00090694427490234
0.0018348693847656
0.0014140605926514
0.0013728141784668
0.0018689632415771
0.0010950565338135
0.0010051727294922
0.00087285041809082
0.0014371871948242
0.00098991394042969
0.00094485282897949
0.0017299652099609
0.0015950202941895
0.0018270015716553
0.00091218948364258
0.0023109912872314
0.0027260780334473
0.0014069080352783
0.0010879039764404
0.001633882522583
0.00065088272094727
0.0007929801940918
0.0019190311431885
0.0022208690643311
0.0017399787902832
0.0016670227050781
0.001521110534668
0.0011429786682129
0.0015990734100342
0.0014698505401611
0.0008690357208252
0.0025789737701416
0.0023970603942871
0.0011651515960693
0.00089311599731445
0.0012879371643066
0.0018990039825439
0.00048685073852539
0.00090599060058594
0.00043988227844238
0.0025608539581299
0.0017449855804443
0.00075483322143555
0.0002739429473877
0.00082302093505859
0.00040507316589355
0.00093197822570801
0.0011739730834961
0.001338005065918
0.00062012672424316
0.00093197822570801
0.00073003768920898
0.0011758804321289
0.002331018447876
0.0011031627655029
0.0011630058288574
0.00035285949707031
0.0029969215393066
110.14827013016
1.0367319583893
0.00091195106506348
2.0078408718109
1.0177710056305
1.0166759490967
116.17530703545
1.0047681331635
3.0212168693542
0.005234956741333
2.0256698131561
0.0055711269378662
0.002518892288208
-0.00012087821960449
0.016820907592773
5.0420989990234
0.0060858726501465
10.077210903168
1.0140180587769
0.011772871017456
0.00017786026000977
6.0423510074615
1.0030980110168
0.014263153076172
0.0017848014831543
0.016234874725342
8.0536229610443
0.0020010471343994
2.0155761241913
7.0560390949249
2.0199530124664
2.0147290229797
2.0128319263458
1.0184731483459
1.0219829082489
0.011255025863647
2.0201189517975
0.0015718936920166
7.049164056778
0.0060009956359863
0.0024240016937256
3.023766040802
0.00047516822814941
2.0408668518066
0.010881900787354
2.0422081947327
1.0070970058441
1.0049839019775
12.086829185486
1.0242800712585
1.0196139812469
1.0093500614166
0.0070970058441162
6.0517859458923
1.0180130004883
0.0065438747406006
0.0097599029541016
3.0387809276581
1.029149055481
8.0748579502106
1.0155041217804
0.00011014938354492
4.0439968109131
1.0133969783783
1.0006589889526
1.014652967453
0.007882833480835
7.052109003067
1.0225720405579
1.021635055542
1.0265951156616
1.024188041687
7.0733571052551
2.0021388530731
0.0018208026885986
0.0038189888000488
0.0084898471832275
0.0001370906829834
0.0015439987182617
7.0233290195465
7.0311191082001
2.0153729915619
0.0016441345214844
2.0082252025604
1.007355928421
0.012312889099121
6.0441000461578
3.0264489650726
2.029815196991
0.006986141204834
2.0340020656586
4.0385160446167
1.0051240921021
0.012495994567871
4.0311419963837
3.0181801319122
0.0006859302520752
0.0010678768157959
0.00041103363037109
0.0118727684021
5.0307459831238
0.00043511390686035
0.006260871887207
0.0036427974700928
214.83236598969
5.0430581569672
12.066468954086
3.0230391025543
2.0155799388885
2.018541097641
2.027820110321
2.0228359699249
0.0076358318328857
2.01451587677
0.0017631053924561
2.013867855072
0.0048680305480957
2.0156290531158
0.00070905685424805
2.0113189220428
1.0155181884766
11.068094968796
1.0221309661865
0.0094058513641357
0.015882015228271
5.0595829486847
1.0080029964447
0.011260032653809
0.0031638145446777
7.0659599304199
0.013510942459106
5.043949842453
3.0360219478607
1.0088379383087
3.0209970474243
0.014920949935913
3.031702041626
3.0427439212799
1.0127151012421
0.0028431415557861
2.0109329223633
1.0108880996704
0.0069408416748047
2.0226678848267
1.0257289409637
1.0245559215546
0.0046188831329346
2.0178759098053
-0.00036716461181641
0.017203807830811
0.01823091506958
0.00077986717224121
0.00074005126953125
0.0010910034179688
0.00082993507385254
0.00046300888061523
9.0501818656921
1.0117969512939
53.348151922226
1.0383291244507
0.021486043930054
0.019325971603394
-0.00095295906066895
0.00093984603881836
28.22343993187
1.0054340362549
0.0001368522644043
0.001154899597168
3.0090391635895
12.103523015976
2.0310080051422
1.0184531211853
3.0688960552216
0.0085630416870117
3.0541059970856
0.0086591243743896
0.0076010227203369
5.076868057251
4.0317978858948
20.221518039703
3.0351490974426
0.00058698654174805
0.00057697296142578
5.0271677970886
0.00062298774719238
2.0134630203247
6.0238120555878
1.0116009712219
0.0014691352844238
0.010015964508057
11.073971986771
6.0594182014465
2.0266819000244
0.017163991928101
0.0044701099395752
0.016440153121948
4.0478899478912
1.0314679145813
1.0409958362579
1.0169439315796
0.00053596496582031
0.00079894065856934
0.046437978744507
0.00053095817565918
0.00075411796569824
0.001521110534668
0.00047206878662109
0.00039100646972656
9.0687010288239
1.0173959732056
1.0099229812622
1.009889125824
0.00097417831420898
26.221736907959
1.0165679454803
0.0024549961090088
0.0016038417816162
0.0094959735870361
0.023758888244629
0.00042605400085449
0.0015850067138672
0.00028419494628906
31.240483999252
1.028883934021
0.00054001808166504
0.029547929763794
0.00032901763916016
0.00032687187194824
0.0012581348419189
6.0556719303131
1.002405166626
17.107306003571
2.0064420700073
22.127492189407
1.0129609107971
4.0280339717865
0.0017518997192383
3.0309369564056
1.0229778289795
0.0017259120941162
2.0200619697571
0.0047831535339355
2.0158998966217
0.001488208770752
0.011666059494019
0.0012779235839844
4.0265889167786
12.078705072403
2.0299570560455
0.031631946563721
-0.00040698051452637
3.0641641616821
1.0157840251923
0.0010769367218018
0.0007169246673584
0.00055813789367676
9.0772480964661
5.0051529407501
1.0147440433502
3.0171339511871
2.0149929523468
0.00081181526184082
0.0011999607086182
0.00093412399291992
0.0010700225830078
0.00068783760070801
0.00075101852416992
7.0086240768433
0.023622035980225
2.0268139839172
1.0203428268433
0.00048613548278809
0.00098490715026855
0.0011589527130127
0.010427951812744
16.067312002182
1.0024290084839
1.0063779354095
0.0026381015777588
0.0028829574584961
10.050529003143
49.263216018677
2.0075018405914
1.0134561061859
0.0024302005767822
4.0189318656921
9.0604600906372
-0.00061988830566406
0.0017750263214111
0.0024209022521973
7.050628900528
0.02181601524353
2.0273110866547
-7.7009201049805E-5
0.0029468536376953
0.0059399604797363
4.0199880599976
0.020080804824829
2.0310580730438
0.00071597099304199
0.0075809955596924
0.042909860610962
0.00084805488586426
0.00098609924316406
0.0006401538848877
0.0010800361633301
0.000579833984375
0.00096487998962402
0.00066995620727539
0.01642107963562
24.178560972214
13.09951710701
2.0342710018158
28.206715106964
2.0163459777832
0.0021488666534424
3.0441319942474
0.0052280426025391
0.00023984909057617
0.0011489391326904
0.037209987640381
0.0019149780273438
0.00025486946105957
0.0002591609954834
0.0011529922485352
0.00065302848815918
0.00060701370239258
0.010211944580078
17.137084007263
1.0083711147308
14.117188930511
1.0405130386353
1.033872127533
1.0083711147308
0.00032615661621094
0.0058760643005371
0.015082120895386
4.0233778953552
0.0034699440002441
25.191637039185
1.0137028694153
4.0299370288849
0.0014739036560059
0.012917995452881
0.00018692016601562
0.0030210018157959
0.010746955871582
6.039048910141
460.48702907562
2.0107300281525
0.0010600090026855
0.0025029182434082
0.0012869834899902
0.0025038719177246
14.067709922791
7.0226349830627
2.0080399513245
2.0084371566772
29.159187078476
2.0243439674377
2.0223259925842
1.0166020393372
0.00026416778564453
7.0555310249329
5.0507020950317
4.0323648452759
3.0476920604706
6.9141387939453E-5
3.0350358486176
1.002473115921
0.00016117095947266
7.0399279594421
1.0159389972687
1.0326380729675
0.0012378692626953
2.0435740947723
0.00030779838562012
0.00066399574279785
0.00074410438537598
0.019248962402344
11.086477994919
6.0836400985718
2.0377008914948
0.0010359287261963
0.00076794624328613
0.0028698444366455
0.00072097778320312
5.0055921077728
0.01108193397522
2.0127761363983
9.086699962616
1.0352830886841
0.00058507919311523
0.034816026687622
0.001162052154541
0.00045514106750488
5.047905921936
1.0104541778564
9.0917718410492
1.0134520530701
0.02419900894165
0.0003211498260498
0.0001070499420166
0.0012919902801514
38.29966711998
8.0477459430695
7.0668449401855
3.0356569290161
0.00092720985412598
2.0056979656219
0.0068280696868896
5.0419661998749
524.92266511917
4.0298218727112
0.0014760494232178
-7.3909759521484E-5
0.0052380561828613
0.0026249885559082
0.010332107543945
0.0080599784851074
8.055536031723
10.059828042984
0.0033330917358398
3.0291500091553
0.0094549655914307
0.008709192276001
0.0045270919799805
4.0392770767212
0.0006098747253418
8.0712180137634
3.0319299697876
544.0407140255
1.0158109664917
0.0024158954620361
0.0090057849884033
5.0299260616302
1.0207331180573
0.0042350292205811
