9.8532230854034
12.533004045486
14.59966301918
16.348123073578
17.867109060287
19.224772930145
20.483582019806
21.680944919586
22.771936893463
23.811016082764
0.002324104309082
0.0014901161193848
0.0019669532775879
0.0011820793151855
0.001349925994873
0.00099992752075195
0.00028014183044434
0.00090694427490234
0.00083208084106445
0.00077700614929199
0.0018060207366943
0.0017991065979004
0.0010280609130859
0.00027012825012207
0.0024001598358154
0.00054597854614258
0.0017609596252441
0.0017209053039551
0.0016269683837891
0.00075387954711914
0.0019640922546387
0.0010149478912354
0.0016920566558838
0.0017678737640381
0.001230001449585
0.0010480880737305
0.0015668869018555
0.00069499015808105
0.002147912979126
0.00038909912109375
0.0014851093292236
0.0018739700317383
0.0011298656463623
0.0010790824890137
0.00060009956359863
0.0023210048675537
0.00066804885864258
0.0010230541229248
0.00097393989562988
0.0022499561309814
0.001166820526123
0.0010650157928467
0.0024261474609375
0.0008389949798584
0.0013518333435059
0.00069403648376465
0.0021131038665771
0.0014657974243164
0.0010280609130859
0.00020813941955566
0.00076794624328613
0.001863956451416
0.0016710758209229
0.00067591667175293
0.0014410018920898
0.002439022064209
0.00037407875061035
0.0018539428710938
0.0016589164733887
0.00067806243896484
0.00076603889465332
0.0013759136199951
0.00051498413085938
0.0016880035400391
0.00092697143554688
90.061702013016
1.0023310184479
0.00078415870666504
0.0017478466033936
0.0013821125030518
0.0014967918395996
0.001093864440918
0.0019690990447998
0.0018980503082275
0.0016100406646729
0.0015320777893066
0.0017330646514893
0.00091814994812012
0.0034599304199219
-0.00068306922912598
0.0013201236724854
0.00057888031005859
0.0018720626831055
0.00068497657775879
0.00052690505981445
0.0012049674987793
0.00083804130554199
0.0016000270843506
0.00050687789916992
0.002112865447998
0.00093889236450195
0.001600980758667
0.00067996978759766
0.00038504600524902
0.0019440650939941
0.0016520023345947
0.0008091926574707
0.0010969638824463
0.0010960102081299
0.0013229846954346
0.00041913986206055
0.0011811256408691
0.00076603889465332
0.0010750293731689
0.0017008781433105
0.00094318389892578
0.00076889991760254
0.0012638568878174
0.00094008445739746
0.0016899108886719
0.00056219100952148
0.0015499591827393
0.0014479160308838
0.0024378299713135
0.002068042755127
-0.00030112266540527
0.0029809474945068
4.5061111450195E-5
0.00070977210998535
0.0011160373687744
0.0018630027770996
0.00047016143798828
0.0025560855865479
-0.00029706954956055
0.00090384483337402
0.0016980171203613
151.0289709568
1.0028510093689
0.0011539459228516
0.001147985458374
0.0011780261993408
0.0005030632019043
0.00081300735473633
0.0013680458068848
0.00071811676025391
0.002443790435791
0.0009620189666748
0.00030612945556641
0.00087976455688477
0.00055789947509766
0.0014159679412842
0.0024778842926025
0.0011551380157471
0.00059819221496582
0.0006258487701416
0.0022950172424316
0.0016930103302002
0.001276969909668
0.0015718936920166
0.002453088760376
0.0023410320281982
